Mixture	B cells naive	B cells memory	Plasma cells	T cells CD8	T cells CD4 naive	T cells CD4 memory resting	T cells CD4 memory activated	T cells follicular helper	T cells regulatory (Tregs)	T cells gamma delta	NK cells resting	NK cells activated	Monocytes	Macrophages M0	Macrophages M1	Macrophages M2	Dendritic cells resting	Dendritic cells activated	Mast cells resting	Mast cells activated	Eosinophils	Neutrophils	P-value	Correlation	RMSE
S36	0.00867076145531118	0	0	0.244128529229794	0	0.0590330200755237	0.0098012800703684	0	0.0336587322659556	0	0.280316048206807	0	0.0382537332923877	0	0	0	0	0.00088373062567327	0	0	0.00556435511902469	0.319689809659155	0	0.861656894660158	0.538184168260139
S37	0.0491305595348907	0.00681039892582577	0	0.233929849628915	0	0.0198851299542362	0.0586774349831667	0	0.0102597897089832	0	0.230172902950643	0	0.0391559949766951	0	0.000565203240291119	0	0	0.00823282550137048	0.0358440098250983	0	0	0.307335900769884	0	0.881686972960861	0.534774755282581
S38	0.0300607106726287	0.00582902078913341	1.3529043791116e-05	0.12810480332254	0.110302213564847	0.140831819116437	0	0	0.0329149043081519	0	0.237642657142672	0	0.0386991691747813	0	0	0	0	2.69636857674095e-05	0	0	0.00495015556185333	0.270624053617398	0	0.903013954194464	0.512704213016131
S39	0.0169128960073998	0	0.0222660410980255	0.339446949460497	0	0.0675795311394773	0.00880982197983043	0	0.0211331503431738	0	0.267634308040225	0	0.104697798609989	0.00082169808978077	0	0.004831029911002	0	0.00680059312584671	0.00971850415783589	0	0.00469971822755368	0.124647959809363	0	0.847824169137487	0.572343082404374
S40	0.000947926191626951	0.0243231510238029	0	0.11848701627436	0.00124413315805591	0.112931664393026	0	0	0.0145928647077898	0	0.193707098600433	0	0.0469158194176759	0	0	0	0	0.00249982414042596	0.0121111731997494	0	0	0.472239328893053	0	0.912611921353188	0.447534901567812
S41	0.0386746613633873	0	0	0.0844016987070575	0	0	0.00184280518495098	0	0.0027795872201271	0	0.112591008892224	0	0.0352358690673465	0.0166285481339755	0	0	0	0	0.0181485724422949	0	0	0.689697248988636	0	0.936427027087171	0.368553519257536
S42	0.024677510381801	0	0	0.176078295901561	0	0	0.058740014013911	0	0	0.0221027444517569	0.219914711524413	0	0.0064215136439824	0	0	0.0211533155938535	0	0	0.00670050165552973	0	0	0.464211392833192	0	0.900340293087552	0.467234892397279
S43	0.0142771012622233	0.0192316647703143	0	0.309878815008837	0	0.0304481730133594	0	0	0.0702868602439585	0	0.260857778337982	0	0.0752636377423354	0	0	0	0	0	0.00275864162498304	0	0	0.216997327996007	0	0.862497615580307	0.550735343356213
S44	0.0329845279630348	0	0	0.218509597070025	0	0.038392129276268	0	0	0.0522448787922237	0	0.151620880324078	0	0.113561129340394	0	0	0	0	0.00944025240205042	0.00816016926365437	0	0	0.375086435568272	0	0.899836361672656	0.495269490810274
S45	0.0299986140109726	0	0	0.17349730450708	0	0	0.0113412927478905	0	0	0.0579202230234312	0.08601774936143	0	0.0412948141418943	0	0	0	0	0	0.00406748314156223	0	0	0.59586251906574	0	0.934205623073097	0.376805903042261
S46	0.0132324321134998	0	0	0	0.0395061337186947	0	0.00819064054390738	0	0	0.0131132368741146	0.0664893779900976	0	0	0.0259396688835262	0	0.00343165869766474	0	0.00757607998979818	0.030816264969429	0	0	0.791704506219268	0	0.889613050019791	0.505253045644974
S47	0.00305821469401816	0.000570834412882576	0.000480125236579201	0.436193355012592	0	0.0856870826678229	0.0224707776076739	0	0.0151851538895064	0	0.240435031790265	0	0.143053853571185	0	0	0.00891918989591367	0	0	0.0108008473672737	0	0	0.0331455338542869	0	0.820224915082795	0.592745167946655
S48	0.00243584678688818	0.00415728527236827	0.0133241664613957	0.168735467356233	0.00645126335474636	0.0568761953527591	0.000153488487831283	0	0.0400591486075752	0	0.14866730757844	0	0.0512199864649087	0	0	0	0	0.00331900250437229	0.00910283681681505	0	0	0.495498004955667	0	0.919276492797508	0.430964211558376
S49	0	0.00310816841902707	0	0.222195940416183	0	0.0494806292842283	0	0	0.0488478472776522	0	0.263623837105862	0	0.082759572260853	0.0097451984843238	0	0	0	0	0.00677872451450979	0	0	0.313460082237361	0	0.897961221273571	0.495761202441824
S50	0.0270811837889185	0	0	0.188238259507707	0	0	0.0117395647989624	0	0.0275494979039016	0	0.19399494022992	0	0.0428294938205634	0.0236832879705803	0	0	0	0	0.00362181027863606	0	0	0.481261961700811	0	0.914894517587687	0.439289092987346
S51	0.0407224606976326	0.00161986028872167	0	0.247839650143109	0	0.0188627058905743	0.0128079487638869	0	0.0247417636080202	0	0.190313628573795	0	0.0572242187650685	0.00419595309744523	0	0	0	0.00262093380039892	0.000180261232142204	0	0	0.398870615139205	0	0.89589720212882	0.490222567137682
S52	0.0117694119632916	0.0100701269721462	0	0.15975249186966	0	0.0555800027639053	0	0	0.0162547031112379	0	0.210362808751896	0	0.0346772850015768	0	0	0	0	0	0.00803401464443656	0	0	0.49349915492185	0	0.922617617860114	0.421602961169705
S53	0.00231566059658047	0.00395009676984152	0.00212823191698592	0.26942969800195	0	0.0422881088184212	0.0505750958564237	0	0.0391802769815288	0	0.290024484746709	0	0.0614195861127624	0.00679608642966623	0	0	0	0.00214200130133528	0.0112899554102021	0	0	0.218460717057594	0	0.874389380192078	0.534345206336066
S54	0.0255316807250322	8.37200304801613e-06	0	0.224182175978624	0	0.0797370213043523	0.017020001953188	0	0.0451608604327345	0	0.16736206088828	0.0117161078775924	0.0649799575015748	0	0	0	0	0	0.032597268213792	0	0.014713672555747	0.316990820566035	0	0.89138249055184	0.524977318732038
S55	0.013239090787489	0.0174695790053819	0	0.195876842141212	0.0512086603595966	0.139943838177927	0	0	0.0619895654347109	0	0.167011001637743	0.00225501112616666	0.0833326252148412	0	0	0	0	0.00437375404015624	0.00462223865173039	0	0	0.258677793423045	0	0.902959705498144	0.524430175554108
S56	0.0184537290176904	0	0	0.16123482140892	0	0	0.0524492164559762	0	0	0	0.297419125129493	0	0.0333764505989528	0.00024194727320977	0	0	0	0	0.0181907754358051	0	0	0.418633934679953	0	0.879286221605074	0.501339418044164
S57	0.0366017753224238	0	0	0.242362419190176	0	0	0	0	0.0435288673869314	0	0.238091461137792	0	0.0629393621881896	0	0	0.00318825347599567	0	0.00240355664017248	0.0167409402885267	0	0.00775455660733491	0.346388807762457	0	0.909005983065661	0.480877130419307
S58	0.0401299349779214	0	0.000579279276565812	0.250564302741586	0.00309821051608044	0	0.0173936859314784	0	0.0286805067091969	0	0.341516242207747	0	0.12832412855172	0	0	0.0085125925903983	0	0.00587503627540218	0.0328480411609493	0	0.019786923202248	0.122691115858707	0	0.834525625286615	0.585448534634392
S59	0.0138743079632173	0.0153961549153108	0	0.0839153898764374	0.0479802521245057	0.0238371010565003	0	0	0.0455415838378723	0	0.131452540745009	0	0.112902082165086	0	0	0	0	0.00627777363040391	0.0198647851144175	0	0	0.49895802857124	0	0.934930279498807	0.397822461231175
S60	0.0112264168158922	0.0289285388518237	0.0462318723599546	0.131915134453751	0	0	0.0191325912448756	0.0134954571847889	0.0121081540317675	0	0.186347553410136	0	0	0.0394722391786057	0	0	0	0.0223722096568987	0.00888134597059832	0	0	0.479888486840908	0	0.880008796939782	0.504019979594953
S61	0.0578590863479568	0	0.00138211974772218	0.202733129841288	0	0.0370549958194583	0.0386230424021194	0	0	0	0.179428203786252	0	0	0	0	0	0	0.00568511188306802	0	0	0	0.477234310172135	0	0.918481057568363	0.439539480049873
S62	0.0212892037947178	0	0	0.195794459006029	0.0378678630744868	0	0	0	0.0408983704686336	0	0.248333328835843	0	0.0570695422734079	0	7.1978104509051e-05	0	0	0	0.0105161754050548	0	0	0.388159079037318	0	0.899966240839303	0.481585350707666
S63	0.0177486193751238	0	0	0.194591455961646	0	0.0258629872105886	0.0186802743886672	0	0.0303416450100825	0	0.155379367700599	0	0.0919880385800201	0	0	0	0	0.00132029093370215	0.02314420033486	0	0	0.44094312050471	0	0.914795605639625	0.452661771407962
S64	0.0167212490174544	0	0.00894527000054958	0.0918323517732011	0.0405000431338504	0.00745006532151051	0	0	0	0	0.172660740671938	0	0	0.0395066947500839	0	0.022582273605339	0	0	0.000707852330045652	0	0	0.599093459396027	0	0.935296398342937	0.37450513060652
S65	0.0317669463828817	0	0	0.0962164711163867	0.00270057111297282	0.0128499241725099	0.0122340337443223	0	0.0304910468693924	0	0.161234821791314	0	0.11065501427048	0	0.000548469293098695	0	0	0.0121490453197139	0.0205085366120471	0	0	0.508645119314881	0	0.910174847458467	0.439827159016379
S66	0.00726820312945333	0.0092265842949901	0.00128380785103337	0.151544290772121	0.0316752552477243	0.0641082112200157	0	0	0.0737444484180345	0	0.114904133017833	0.00421060799874135	0.0218707996301453	0.0112625103823481	0	0.00250947954158133	0	0.00126214205373299	0.0257951895805647	0	0	0.47933433686168	0	0.92661050012156	0.42959918539978
S67	0.0100497865405174	0	0.00120384756818806	0.202740299952806	0	0	0.0291513691319903	0	0	0	0.17532837832211	0	0	0.0225607544806828	0	0.0087966412129153	0	0.000920751078909148	0.0181795919345185	0	0	0.531068579777362	0	0.903818019281889	0.450221440380602
S68	0.0333149552238511	0	0	0	0.047611764514412	0	0	0	0	0	0.0428046141337641	0	0	0.0342274129367698	0	0	0	0	0.0282437767900407	0	0	0.813797476401162	0	0.911507413606773	0.467196201751626
S69	0.0205086734747135	0	0	0.235448340982539	0	0.0277301605753406	0	0	0.0508811690553436	0	0.227276606375641	0	0.0596115203992271	0.018245563981795	0	0	0	0	0.0197174111971907	0	0	0.34058055395821	0	0.906646251282946	0.487663238088975
S70	0	0.0169277049364153	0	0.15391542638788	0.0340557735897724	0.0505738575105203	0	0	0.0487413308748044	0	0.166608056011894	0	0.159909714838317	0.0150798271802746	0	0	0	0	0.0166443635922168	0	0	0.337543945077905	0	0.910810192747785	0.490867608015834
S71	0	0	0	0.330692702299369	0	0	0.0229922234213313	0	0.0398986319009732	0	0.34126895608416	0	0.0798045544864322	0	0.000427560302112225	0	0	0	0.0242919800291072	0	0.0100365535041576	0.150586837972357	0	0.865233127450758	0.533273185016842
S72	0.00260090203113345	0.00985055107744758	0	0.0871370329427072	0	0.00436124318163923	0	0	0.0138868516354405	0	0.123331348320466	0	0.041839236945752	0	0	0	0	0.00436834527822292	0.0274809567375762	0	0	0.685143531849615	0	0.923176561919373	0.401307117320179
S73	0.025245337916918	0.00218723971570168	0	0.184995059840672	0.0362069871609475	0	0	0	0.0606815509842645	0	0.105955962141611	0.0142723669931574	0.0364652863323399	0.0396118417567808	0	0	0	0	0.0160466128207045	0	0	0.478331754336902	0	0.908988336096026	0.456481616408044
S74	0.00894173109931806	0.00123935186920505	0	0.0899930605800143	0.0370090152559519	0	0	0	0.0366751522398383	0	0.151210272917501	0	0.0373310952461695	0	0	0.00819130748584525	0	0	0.0155627901365488	0	0	0.613846223169607	0	0.946847068637521	0.34353436731662
S75	0.000482354128715054	0.000597440502477548	0	0.0664123337038625	0.0402975622072698	0.0485080738550746	0.0106657332744268	0	0.00659862332524656	0	0.155815734089408	0	0.0809603552081072	0.0164242306266532	0	0	0	0	0.0159344698469879	0	0	0.557303089231771	0	0.91920981894741	0.412321273778901
